c=
 -21 -19 -52 -38 -55 -97 -90  -6  -3 -89 -72  -1 -29 -50   0   0   0   0   0   0   0   0   0   0 

A=

  79  98  85  72  68  17   5  70  27   5   4  28  27  16  -1   0   0   0   0   0   0   0   0   0 
  90  44  33  23  16  15  17  36  52  85  34  74  69  49   0  -1   0   0   0   0   0   0   0   0 
  88  26  45  22  87  13  26  42  54  68  49  21  73  91   0   0  -1   0   0   0   0   0   0   0 
  77   6   5  56  66  38  17  26  65  67  46  22  99  68   0   0   0  -1   0   0   0   0   0   0 
  25  10  58  89  11   5 100  12  44  10  73  48  45  99   0   0   0   0  -1   0   0   0   0   0 
  96  16  98  71  29  63   7  27  30  67  53  15  15  17   0   0   0   0   0  -1   0   0   0   0 
  78  55  80  63  48  25  99  96  82  88  72  44  88  85   0   0   0   0   0   0  -1   0   0   0 
  40  23 100  20  73  52  64  70  50  43  33   5  19  39   0   0   0   0   0   0   0  -1   0   0 
  68  52  52  46  22  67   6  13  91  33  81   0  85  61   0   0   0   0   0   0   0   0  -1   0 
  64  38  95  72  61  67  65  32  81   0  92  91  89  18   0   0   0   0   0   0   0   0   0  -1 

b=
  600  636  704  657  628  603 1002  630  676  864 