c=
   8  19 -78   1 -38   3 -43 -91  41  67 -35 -17  63  -7   0   0   0   0   0   0 

A=

   42  -42  -97   29   54   84  -59   21   48  -14   70  -19  -58   50    0    0    0    0    0    0 
   18    7  -15   67   21   66  -24   64  -82  -45    6  -71   99    9    0    0    0    0    0    0  
   39   68   89   -9   58   12  -59   76   94   72   64    7  -81   13    0    0    0    0    0    0  
    6   85 -100   81  -30   95  -25  -18  -92   27  -12  -15   95   50    0    0    0    0    0    0  
   73  100   62   73   65   51   69   84   51   98   84   60   68   67    1    0    0    0    0    0  
    2   73  -70   10   54  -93   91   77   57  -24  -16    4   41  -10    0   -1    0    0    0    0  
   66   42  -66   13   65   41   82  -30   30  -44   66   32   90   53    0    0    1    0    0    0  
  -88  -99   40   21  -87   93   96  -36   36  -84  -20   94    8   49    0    0    0    1    0    0  
    2  -19   87  -26   30   96  -71   15  -97   40   -7  -65   -5   90    0    0    0    0    1    0  
   70  -66    6  -67   52  -40   52  -72   53   84  -27  -46   39  100    0    0    0    0    0    1  

b=
  109  120  443  147 1006  195  441   24   71  139 