c=
  53  20  28  46 -57 -87  97 100 -66 -56  42   6 -35  57   0   0   0   0   0   0 

A=
 -27 -22 -60  91  38  -8  64 -14  98  69 -93  46  31 -92   0   0   0   0   0   0 
 -74  49  10  15   6 -86  19  -7  61  44  -3  70 -54  47   0   0   0   0   0   0 
 -39 -96  84 -44  13 -15 -33  78 -60  81  85  33 -27  66   0   0   0   0   0   0 
 100 -50 -47  56  75 -10 -20 -33 -48  12  17  84 -57  44   0   0   0   0   0   0 
  21  35  99   1 -43 -71  57  22  34  -8   8  19 -63  95   1   0   0   0   0   0 
 -71 -11  50  58 -83 -93  38  40 -77  69  92  14 -44  90   0   1   0   0   0   0 
  31 -80 -74  89 -27  60  43 -46   6 -30  89  29  33  26   0   0   1   0   0   0 
  66  37  29  30  92   6  36  90  95  59  17   9  23  60   0   0   0   1   0   0 
  47  97  55   7  55  71  31  57  56  46  34  97  57   3   0   0   0   0   1   0 
  28  81   7  95   5  12   4  62  92  84  78  24   0  32   0   0   0   0   0   1 

b=
 121  97 126 123 207  73 150   9 100  56 