c=
 -82  -8 -41 -40 -41 -10 -86 -51 -97 -89 -42 -83 -79  -5   0   0   0   0   0   0   0   0   0   0 

A=

  33  93  28   9  61  78  69  59  61  76  26  43  94   6  -1   0   0   0   0   0   0   0   0   0 
  89  62  85   1  13  41  44  83  71  78  48  81  67  38   0  -1   0   0   0   0   0   0   0   0 
  40  37  21   5  32  46  79  44   8  45  87  46  16  95   0   0  -1   0   0   0   0   0   0   0 
   4  37  99  67  77  58  15   3  65  32  74  95  89  11   0   0   0  -1   0   0   0   0   0   0 
  92  27  50  99  23  62  70   3  15  35  43  78  84  15   0   0   0   0  -1   0   0   0   0   0 
  89   6  27  27   9  31  74  18  24  47  96  65  74   2   0   0   0   0   0  -1   0   0   0   0 
  81  94  68  31  68  51  11  20  51  95  36  95  90  72   0   0   0   0   0   0  -1   0   0   0 
  44  16  86  29  16  44  89  33 100  15  87  46  72   1   0   0   0   0   0   0   0  -1   0   0 
  98  56  93  15  72  24   9  57  56  15  69  45  98  50   0   0   0   0   0   0   0   0  -1   0 
  72  98  34  71  40  16  64  90  54  56  13   0  56  62   0   0   0   0   0   0   0   0   0  -1 

b=
 735 800 600 725 695 588 862 677 756 725 
