c=
 -82  -3 -11 -99  24  12  93  76  47  83 -43  45   2  63   0   0   0   0   0   0 

A=
 -78  86  24 -55 -24 -39  20  51  94  74  -9  35  76  32   0   0   0   0   0   0 
  67  85  84  24  40 -33  12  62  45   0  41 -72  15  15   0   0   0   0   0   0 
  94 -33 -39  51 -28  37 -16  98 -23 -89 -59  21  56 -59   0   0   0   0   0   0 
 -47 -32  34  34 -13  74  -3  -4  38  13   7 -33  56 -39   0   0   0   0   0   0 
  17  43  38   2  77 -30  95  42  93 -55  27 -96 -97  49   1   0   0   0   0   0 
 -65  41  95 -29 -95  15 100  -1  98 -65 -50  96  93  -6   0   1   0   0   0   0 
 -23  66  70  36 -67 -76  55  88  30 -13 -82  22 -45 -34   0   0  -1   0   0   0 
  84  23  59  77  77  34  86  80  51   0   4  69   6  98   0   0   0   1   0   0 
  43  59  64  71  48  41  39  91  17  44  18  93  23  66   0   0   0   0   1   0 
   6   1  95  73  81  14  11  64  53  83  88  81  13  89   0   0   0   0   0   1 

b=
 287 385  11  85 206 228  26  91  88  79