c=
  32 -65  95 -29  56 -69  24   3 -42 -52  22  45  87 -83   0   0   0   0   0   0 

A=
 -66  -3 -73  13  15  31 -96 -26  85 -44  81  81  49  94   0   0   0   0   0   0 
  -9  29 -51  11 -67  50  24 -86  65  83  37  42 -26 -94   0   0   0   0   0   0 
  95  31 -12  88 -14  17  52  51 -12 -91  78 -46 -55  84   0   0   0   0   0   0 
 -85  27  56  91 -65  51  40  96 -20 -90  61  87 -98 -56   0   0   0   0   0   0 
  89  87  79  97  80  53  74  93  61  64  77  88  54  91   1   0   0   0   0   0 
 -17 -12  66  99  43  86  75  36  30 -45 -89  46 -42 -91   0  -1   0   0   0   0 
  82  78  90 -46   1  77  -1 -68 -34  22 -37 -70 100  25   0   0  -1   0   0   0 
  46 -52  46  27 -86 -46  54 -83 -19  75  68  79  85 -52   0   0   0   1   0   0 
  10 -61  37 -25 -93 -25  61  43  79  84  26   3 -72  49   0   0   0   0   1   0 
 -55 -64  10   4  -9  93  31  48 -66 -16  16  -4  79   1   0   0   0   0   0   1 

b=
  141    8  266   95 1088  184  218  143  117   69 