c=
 -58  78 -39 -91  82 -96 -39 -67 -72 -72  50 -56  26 -13   0   0   0   0   0   0 

A=
 -54  77 100  24 -54 -12  83 -78  63 -62  19   1  61 -14   0   0   0   0   0   0 
  78  15  57   5  37  46 -50  56   4  96  14  86 -71 -57   0   0   0   0   0   0 
  29 -16 -98 -72  62  25  23  68  24 -40  79  72  87  17   0   0   0   0   0   0 
  11  66  -6  96  23  86  47  42 -58  49 -49 -34 -87 -44   0   0   0   0   0   0 
  99  84  81  56  53  50  74  57  51  79  72  95  80  83   1   0   0   0   0   0 
  -8   1  69  73  88 -66 -96  29  12  70 -15  29  24 -65   0   1   0   0   0   0 
 -74  81 -21 -66 -27 -14  94  23  52 -16 -39  87 -71  38   0   0  -1   0   0   0 
  12  79  80   5 -61 -92  49  81   1 -76 -51  33   7   4   0   0   0   1   0   0 
  34  80  64  90  68 -95   4  44 -34 -63 -17  13   1  21   0   0   0   0  -1   0 
  -7  57  -8  62 -89  30  70  60  11 -71  36 -20 -97  35   0   0   0   0   0  -1 

b=
  154  316  260  142 1015  146   46   72  209   68 