c=
  98  77  56  27 -64  30 -16 -21  71  87 -63  48 -77 -77   0   0   0   0   0   0 

A=

  -39  -80   77   28   93   65  -46   89   65   92    6  100   33  -30    0    0    0    0    0    0 
   69  -57  -78  -73   83  -34  -50   78   57   58  -29  -50   57   28    0    0    0    0    0    0 
  -27   57    3   32   98   20  -88   93   94  -42   65  -76   97  -90    0    0    0    0    0    0 
   68   23   86   98   72  -31  -62   81    5   50    0  -74   90   50    0    0    0    0    0    0 
   63   94   60   63   92   63   69   69   70   83   89   53   93   75    1    0    0    0    0    0  
  -23   62 -100  -55  -16  -73   70  -59   63    1   45   79   23   -1    0   -1    0    0    0    0  
   90  -45  -24    7  -37   86   24  -61   85   82  -28   12   81   99    0    0   -1    0    0    0  
   54   29   30  -79  -53   98  100  -37   20  -67  -99   61  -86   43    0    0    0   -1    0    0  
  -46  -36  -23  -39   -5  -12   42   99   88  -25  -38   85   76    5    0    0    0    0   -1    0  
  -28  -73    8  -37  -46   83  -48   36   -2   33   25   95   57  -65    0    0    0    0    0    1  

b=
  453   59  236  456 1037   15  370   13  170   39 